12 Ryan Anderson, Arizona, 33, 33, 963, 29.2, 174, 319, 0.545, 2, 7, 0.286, 155, 208, 0.745, 99, 235, 334, 10.1, 70, 1, 26, 63, 20, 23, 505, 15.3 
01 Gabe York, Arizona, 34, 34, 1133, 33.3, 177, 419, 0.422, 98, 233, .421, 59, 78, 0.756, 19, 90, 109, 3.2, 70, 0, 76, 71, 9, 30, 511, 15.0 
11 Allonzo Trier, Arizona, 27, 21, 757, 28.0, 122, 262, .466, 40, 110, .364, 115, 145, .793, 12, 77, 89, 3.3, 52, 2, 31, 52, 6, 14, 399, 14.8 
35 Kaleb Tarczewski, Arizona, 26, 24, 712, 27.4, 80, 150, .533, 0, 0, .000, 84, 118, .712, 67, 175, 242, 9.3, 77, 1, 17, 34, 36, 7, 244, 9.4 
05 Kadeem Allen, Arizona, 34, 28, 848, 24.9, 100, 215, .465, 18, 50, .360, 67, 95, .705, 8, 98, 106, 3.1, 82, 2, 121, 68, 27, 35, 285, 8.4 
14 Dusan Ristic, Arizona, 34, 9, 561, 16.5, 94, 171, .550, 3, 8, .375, 52, 82, .634, 48, 80, 128, 3.8, 67, 1, 27, 42, 23, 5, 243, 7.1 
23 Mark Tollefsen, Arizona, 34, 13, 744, 21.9, 90, 175, .514, 26, 73, .356, 31, 39, .795, 42, 60, 102, 3.0, 64, 2, 44, 19, 20, 13, 237, 7.0 
00 Jackson-Cartwright, Arizona, 34, 6, 722, 21.2, 57, 142, .401, 27, 72, .375, 37, 57, .649, 9, 47, 56, 1.6, 73, 1, 116, 48, 7, 21, 178, 5.2 
50 Jacob Hazzard, Arizona, 7, 0, 26, 3.7, 6, 10, .600, 4, 6, .667, 2, 2, 1.000, 0, 1, 1, 0.1, 4, 0, 2, 1, 0, 0, 18, 2.6 
03 Justin Simon, Arizona, 24, 0, 180, 7.5, 23, 46, .500, 1, 3, .333, 9, 21, .429, 7, 22, 29, 1.2, 22, 0, 8, 14, 6, 7, 56, 2.3 
24 Elliott Pitts, Arizona, 7, 2, 149, 21.3, 7, 26, .269, 2, 16, .125, 0, 2, .000, 8, 8, 16, 2.3, 21, 1, 13, 11, 0, 8, 16, 2.3 
21 Chance Comanche, Arizona, 23, 0, 139, 6.0, 16, 33, .485, 0, 0, .000, 11, 16, .688, 12, 24, 36, 1.6, 17, 0, 5, 8, 7, 1, 43, 1.9 
51 Paulo Cruz, Ariaonz, 6, 0, 16, 2.7, 0, 2, .000, 0, 2, .000, 0, 0, .000, 0, 0, 0, 0.0, 2, 0, 0, 1, 0, 0, 0, 0.0 
00 Tra Holder, Arizona State, 32, 32, 1017, 31.8, 140, 362, .387, 49, 134, .366, 125, 172, .727, 22, 90, 112, 3.5, 66, 1, 117, 84, 2, 33, 454, 14.2 
04 Gerry Blakes, Arizona State, 32, 29, 962, 30.1, 128, 332, .386, 47, 150, .313, 50, 69, .725, 34, 136, 170, 5.3, 94 , 3, 76, 66, 5, 34, 353, 11.0 
05 Obinna Oleka, Arizona State, 32, 18, 792, 24.8, 104, 263, .395, 27, 86, .314, 73, 94, .777, 63, 132, 195, 6.1, 67, 0, 22, 43, 18, 22, 308, 9.6 
11 Savon Goodman, Arizona State, 28, 6, 588, 21.0, 105, 191, .550, 0, 4, .000, 58, 126, .460, 61, 119, 180, 6.4, 87, 3, 15, 40, 14, 16, 268, 9.6 
02 Willie Atwood, Arizona State, 32, 32, 866, 27.1, 78, 196, .398, 32, 102, .314, 80, 102, .784, 50, 89, 139, 4.3, 97, 4, 44, 30, 9, 15, 268, 8.4 
44 Kodi Justice, Arizona State, 32, 3, 792, 24.8, 84, 213, .394, 60, 150, .400, 25, 33, .758, 12, 57, 69, 2.2, 78, 1, 76, 53, 5, 30, 253, 7.9 
21 Eric Jacobsen, Arizona State, 32, 32, 722, 22.6, 91, 158, .576, 1, 2, .500, 62, 97, .639, 72, 91, 163, 5.1, 101, 2, 16, 29, 31, 6, 245, 7.7 
24 Andre Spight, Arizona State, 27, 8, 526, 19.5, 60, 177, .339, 36, 114, .316, 23, 29, .793, 7, 17, 24, 0.9, 42, 0, 34, 20, 0, 13, 179, 6.6 
01 Maurice O'Field, Arizona State, 23, 0, 148, 6.4, 5, 21, .238, 1, 9, .111, 1, 2, .500, 5, 13, 18, 0.8, 14, 0, 4, 7, 1, 1, 12, 0.5 
22 Austin Witherill, Arizona State, 13, 0, 18, 1.4, 1, 6, .167, 1, 5, .200, 2, 2, 1.000, 0, 0, 0, 0.0, 0, 0, 0, 1, 0, 0, 5, 0.4 
34 Tyler Harris, Arizona State, 80, 13, 1.6, 0, 0, .000, 0, 0, .000, 0, 0, .000, 0, 2, 2, 0.3, 0, 0, 1, 0, 0, 0, 0, 0.0 
55 Shazier Lawson, Arizona State, 5, 0, 1.2, 0, 0, .000, 0, 0, .000, 0, 0, .000, 1, 0, 1, 0.2, 3, 0, 0, 0, 1, 0, 0, 0.0 
3  Tyrone Wallace, California, 28, 25, 901, 32.2, 151, 343, .440, 25, 84, .298, 100, 154, .649, 28, 122, 150, 5.4, 63, 0, 124, 76, 12, 27, 427, 15.3 
0  Jaylen Brown, California, 34, 34, 939, 27.6, 163, 378, .431, 30, 102, .294, 142, 217, .654, 36, 146, 182, 5.4, 108, 5, 67, 105, 22, 27, 498, 14.6 
24 Jordan Mathews, California, 34, 19, 1011, 29.7, 143, 339, .422, 89, 214, .416 ,83, 104, .798, 25, 91, 116, 3.4, 73, 1, 43, 46, 0, 16, 458, 13.5 
1  Ivan Rabb, California, 34, 34, 975, 28.7, 161, 262, .615, 1, 2, .500, 103, 154, .669, 94, 197, 291, 8.6, 105, 6, 32, 53, 42, 18, 426, 12.5 
23 Bird Jabari, California, 33, 22, 883, 26.8, 125, 271, .461, 61, 149, .409, 31, 46, .674, 25, 85, 110, 3.3, 55, 0, 31, 27, 11, 17, 342, 10.4 
2  Sam Singer, California, 34, 9, 678, 19.9, 49, 123, .398, 10, 37, .270, 19, 31, .613, 16, 70, 86, 2.5, 70, 3, 90, 47, 2, 17, 127, 3.7 
44 Kameron Rooks, California, 33, 10, 566, 17.2, 47, 82, .573, 0, 0, .000, 26, 46, .565, 63, 98, 161, 4.9, 98, 6, 12, 18, 28, 5, 120, 3.6 
31 Stephen Domingo, California, 30 , 0, 319, 10.6, 18, 56, .321, 11, 36, .306, 3, 11, .273, 19, 34, 53, 1.8, 29, 0, 17, 10, 8, 5, 50, 1.7 
22 Kingsley Okoroh, California, 31, 17, 335, 10.8, 20, 33, .606, 0, 0, .000, 6, 17, .353, 16, 43, 59, 1.9, 61, 2, 6, 19, 33, 4, 46, 1.5 
20 Nick Kerr, California, 7, 0, 11, 1.6, 3, 6, .500, 3, 6, .500, 0, 0, .000, 0, 1, 1, 0.1, 1, 0, 0, 0, 0, 0, 9, 1.3 
12 Roger Moute a Bidias, California, 23, 0, 189, 8.2, 7, 25, .280, 5, 11, .455, 9, 12, .750, 4, 18, 22, 1.0, 36, 1, 6, 5, 2, 1, 28, 1.2 
32 Brenden Glapion, California, 8, 0, 17, 2.1, 1, 7, .143, 0, 2, .000, 4, 6, .667, 0, 1, 1, 0.1, 2, 0, 1, 2, 0, 0, 6, 0.8 
42 Cole Welle, California, 5, 0, 13, 2.6, 1, 3, .333, 0, 0, .000, 1, 6, .167, 0, 3, 3, 0.6, 1, 0, 0, 0, 0, 1, 3, 0.6 
10 Brandon Chaucal, California, 9, 0, 38, 4.2, 1, 9, .111, 1, 8, .125, 2, 2, 1.000, 1, 0, 1, 0.1, 4, 0, 5, 4, 0, 1, 5, 0.6
40 Josh Scott, Colorado, 32, 31, 979, 30.6, 187, 352, .531, 3, 9, .333, 146, 195, .749, 87, 195, 282, 8.8, 56, 0, 58, 40, 52, 20, 523, 16.3 
24 George King, Colorado, 34, 27, 862, 25.4, 152, 341, .446, 68, 149, .456, 89, 119, .748, 55, 104, 159, 4.7, 60, 0, 23, 63, 8, 13, 461, 13.6 
44 Josh Fortune, Colorado, 34, 17, 781, 23.0, 121, 300, .403, 55, 143, .385, 54, 77, .701, 22, 113, 135, 4.0, 61, 2, 76, 76, 6, 26, 351, 10.3 
15 Dominique Collier, Colorado, 34, 33, 764, 22.5, 80, 208, .385, 40, 90, .444, 56, 74, .757, 9, 64, 73, 2.1, 100, 3, 91, 69, 4, 38, 256, 7.5 
01 Wesley Gordon, Colorado, 34, 33, 947, 27.9, 80, 192, .417, 6, 15, .400, 80, 116, .690, 100, 160, 260, 7.6, 79, 1, 45, 38, 68, 13, 246, 7.2 
10 Tre'Shaun Fletcher, Colorado, 34, 14, 666, 19.6, 75, 189, .397, 35, 101, .347, 55, 66, .833, 25, 56, 81, 2.4, 68, 1, 39, 44, 6, 13, 240, 7.1 
14 Tory Miller, Colorado, 33, 4, 520, 15.8, 69, 147, .469, 0, 4, .000, 44, 72, .611, 64, 87, 151, 4.6, 53, 0, 6, 35, 12, 10, 182, 5.5 
03 Xavier Talton, Colorado, 34, 10, 696, 20.5, 49, 144, .340, 23, 64, .359, 41, 45, .911, 16, 70, 86, 2.5, 73, 2, 65, 40, 3, 25, 162, 4.8 
00 Thomas Akyazili, Colorado, 33, 1, 528, 16.0, 41, 126, .325, 17, 59, .288, 24, 36, .667, 3, 50, 53, 1.6, 76, 1, 53, 31, 8, 17, 123, 3.7 
13 Kenan Guzonjic, Colorado, 13, 0, 53, 4.1, 7, 19, .368, 2, 4, .500, 4, 7, .571, 6, 8, 14, 1.1, 9, 0, 1, 6, 1, 0, 20, 1.5 
31 Brett Brady, Colorado, 10, 0, 19, 1.9, 3, 6, .500, 2, 4, .500, 1, 2, .500, 1, 5, 6, 0.6, 1, 0, 0, 2, 0, 2, 9, 0.9 
33 Josh Repine, Colorado, 6, 0, 8, 1.3, 1, 3, .333, 1, 3, .333, 0, 0, .000, 0, 1, 1, 0.2, 2, 0, 2, 0, 0, 0, 3, 0.5 
05 Eli Stalzer, Colorado, 9, 0, 18, 2.0, 0, 2, .000, 0, 2, .000, 0, 0, .000, 0, 2, 2, 0.2, 0, 0, 2, 0, 0, 0, 0, 0.0 
12 Mitch Lombard, Colorado, 6, 0, 9, 1.5, 0, 1, .000, 0, 0, .000, 0, 0, .000, 0, 0, 0, 0.0, 0, 0, 1, 0, 0, 0, 0, 0.0 
